 1.02e+08    1.73e+02  -1.02e+08 -1.02e+08 -1.73e+02 -1.02e+08
 1.73e+02    6.56e+09   2.74e+00 -1.73e+02 -6.56e+09  2.74e+00
-1.02e+08    2.74e+00   1.36e+08  1.02e+08 -2.74e+00  6.83e+07
-1.02e+08   -1.73e+02   1.02e+08  1.02e+08  1.73e+02  1.02e+08
-1.73e+02   -6.56e+09  -2.74e+00  1.73e+02  6.56e+09 -2.74e+00
-1.02e+08    2.74e+00   6.83e+07  1.02e+08 -2.74e+00  1.36e+08
